    3.6150000000      0.0000000000      0.0000000000
    0.0000000000      3.6150000000      0.0000000000
    0.0000000000      0.0000000000      7.2300000000

Cart

B       0.0000000000      0.0000000000      0.0000000000
B       0.1000000000      1.8575000000      1.8375000000
B       1.8075000000      0.0000000000      1.8075000000
B       1.8075000000      1.8075000000      0.0000000000
N       0.9037500000      0.9037500000      0.9037500000
N       0.9037500000      2.7112500000      2.7112500000
N       2.7112500000      0.9037500000      2.7112500000
N       2.7112500000      2.7112500000      0.9037500000
B       0.0000000000      0.0000000000      3.6150000000
B       0.0000000000      1.8075000000      5.4225000000
B       1.8075000000      0.0000000000      5.4225000000
B       1.8075000000      1.8075000000      3.6150000000
N       0.9037500000      0.9037500000      4.5187500000
N       0.9037500000      2.7112500000      6.3262500000
N       2.7112500000      0.9037500000      6.3262500000
N       2.7112500000      2.7112500000      4.5187500000
