       11.3060798645         0.0000000000         0.0000000000
        0.0000000000        11.3060798645         0.0000000000
        0.0000000000         0.0000000000        24.6953449249

Cart

Pt     0.012097505        11.301896325         2.890096270
Pt     0.022096658        11.300972415         6.869787192
Pt     0.005518999        11.299797143        10.803935941
Pt     1.425357407         1.409076696         0.891255034
Pt     1.431216080         1.412985202         4.885090546
Pt     1.422086153         1.421477457         8.864651384
Pt     2.838617390        11.301896325         2.890096270
Pt     2.839706404        11.301756829         6.884631145
Pt     2.837945854        11.301059348        10.818744567
Pt     4.251877373         1.409076696         0.891255034
Pt     4.248434107         1.413160921         4.884899191
Pt     4.254503204         1.421533727         8.864844946
Pt     5.665137693        11.301896325         2.890096270
Pt     5.657115648        11.300897613         6.870144142
Pt     5.671875968        11.301207605        10.804395927
Pt     7.078397676         1.409076696         0.891255034
Pt     7.080560205         1.407529013         4.875057317
Pt     7.077184665         1.409180645         8.845448229
Pt     8.491657659        11.301896325         2.890096270
Pt     8.493058687        11.300425213         6.862432558
Pt     8.491503337        11.300158350        10.802912930
Pt     9.904917642         1.409076696         0.891255034
Pt     9.904749169         1.407829317         4.874858235
Pt     9.906328778         1.409042075         8.845861113
Pt     0.012097505         2.822336764         2.890096270
Pt     0.019778332         2.829091549         6.872758338
Pt    11.299578801         2.804811622        10.838474682
Pt     1.425357407         4.235596747         0.891255034
Pt     1.429253193         4.238607372         4.887141350
Pt     1.450159771         4.263389856         8.950797682
Pt     2.838617390         2.822336764         2.890096270
Pt     2.838890317         2.845303101         6.907248505
Pt     2.835738174         2.767385859        10.851029741
Pt     4.251877373         4.235596747         0.891255034
Pt     4.249339148         4.238482365         4.887793059
Pt     4.222010015         4.263662784         8.950501083
Pt     5.665137693         2.822336764         2.890096270
Pt     5.658893383         2.829219926         6.873938848
Pt     5.679456611         2.805867447        10.838100069
Pt     7.078397676         4.235596747         0.891255034
Pt     7.075188589         4.239906641         4.885110417
Pt     7.064667742         4.232683162         8.865664090
Pt     8.491657659         2.822336764         2.890096270
Pt     8.491798503         2.830258061         6.870891896
Pt     8.490129939         2.812542039        10.805323260
Pt     9.904917642         4.235596747         0.891255034
Pt     9.908900361         4.240071746         4.885319067
Pt     9.915333361         4.230882515         8.865153321
Pt     0.012097505         5.648856730         2.890096270
Pt     0.034125947         5.647751542         6.906832677
Pt    11.259207780         5.648167672        10.850866354
Pt     1.425357407         7.062116376         0.891255034
Pt     1.428837737         7.058600666         4.886924605
Pt     1.449806144         7.034543293         8.950240547
Pt     2.838617390         5.648856730         2.890096270
Pt     2.836766875         5.648601661         6.909347516
Pt     2.837493333         5.645509494        11.162245665
Pt     4.251877373         7.062116376         0.891255034
Pt     4.248600222         7.056748129         4.886987899
Pt     4.222523523         7.035171363         8.949434650
Pt     5.665137693         5.648856730         2.890096270
Pt     5.641672674         5.648153184         6.908210429
Pt     5.716041016         5.649589254        10.850419615
Pt     7.078397676         7.062116376         0.891255034
Pt     7.074536258         7.055737961         4.884770027
Pt     7.064459508         7.064781630         8.865342468
Pt     8.491657659         5.648856730         2.890096270
Pt     8.491111804         5.647823312         6.885381844
Pt     8.488166210         5.647985384        10.819978803
Pt     9.904917642         7.062116376         0.891255034
Pt     9.908264204         7.056693544         4.884946662
Pt     9.915508574         7.063590858         8.864187717
Pt     0.012097505         8.475376359         2.890096270
Pt     0.018886929         8.466917631         6.872154836
Pt    11.299187942         8.491074066        10.839021514
Pt     1.425357407         9.888636342         0.891255034
Pt     1.431073215         9.884596342         4.884954022
Pt     1.421997872         9.875285137         8.863194882
Pt     2.838617390         8.475376359         2.890096270
Pt     2.838518664         8.452385088         6.906249782
Pt     2.836067035         8.529728676        10.849392925
Pt     4.251877373         9.888636342         0.891255034
Pt     4.247725507         9.883027515         4.884089247
Pt     4.254769730         9.875644997         8.863857263
Pt     5.665137693         8.475376359         2.890096270
Pt     5.658474221         8.466676376         6.872333678
Pt     5.679521305         8.491803220        10.838240641
Pt     7.078397676         9.888636342         0.891255034
Pt     7.079841159         9.889077743         4.874818492
Pt     7.076444055         9.887119405         8.845316489
Pt     8.491657659         8.475376359         2.890096270
Pt     8.491055197         8.465208633         6.870203020
Pt     8.490136005         8.481504085        10.804418007
Pt     9.904917642         9.888636342         0.891255034
Pt     9.904516675         9.889043375         4.874578563
Pt     9.906143457         9.886259515         8.845673439
C      2.841786381         5.661318731        13.013488779
O      2.845344546         5.670799758        14.178328046