    4.0830000000      0.0000000000      0.0000000000
    0.0000000000      4.0830000000      0.0000000000
    0.0000000000      0.0000000000      8.1660000000

Cart

Li      0.0000000000      0.0000000000      0.0000000000
Li      0.1000000000      2.0915000000      2.0715000000
Li      2.0415000000      0.0000000000      2.0415000000
Li      2.0415000000      2.0415000000      0.0000000000
H       2.0415000000      2.0415000000      2.0415000000
H       2.0415000000      4.0830000000      4.0830000000
H       4.0830000000      2.0415000000      4.0830000000
H       4.0830000000      4.0830000000      2.0415000000
Li      0.0000000000      0.0000000000      4.0830000000
Li      0.0000000000      2.0415000000      6.1245000000
Li      2.0415000000      0.0000000000      6.1245000000
Li      2.0415000000      2.0415000000      4.0830000000
H       2.0415000000      2.0415000000      6.1245000000
H       2.0415000000      4.0830000000      8.1660000000
H       4.0830000000      2.0415000000      8.1660000000
H       4.0830000000      4.0830000000      6.1245000000
