    4.2170000000      0.0000000000      0.0000000000
    0.0000000000      4.2170000000      0.0000000000
    0.0000000000      0.0000000000      8.4340000000

Cart

Mg      0.0000000000      0.0000000000      0.0000000000
Mg      0.1000000000      2.1585000000      2.1385000000
Mg      2.1085000000      0.0000000000      2.1085000000
Mg      2.1085000000      2.1085000000      0.0000000000
O       2.1085000000      2.1085000000      2.1085000000
O       2.1085000000      4.2170000000      4.2170000000
O       4.2170000000      2.1085000000      4.2170000000
O       4.2170000000      4.2170000000      2.1085000000
Mg      0.0000000000      0.0000000000      4.2170000000
Mg      0.0000000000      2.1085000000      6.3255000000
Mg      2.1085000000      0.0000000000      6.3255000000
Mg      2.1085000000      2.1085000000      4.2170000000
O       2.1085000000      2.1085000000      6.3255000000
O       2.1085000000      4.2170000000      8.4340000000
O       4.2170000000      2.1085000000      8.4340000000
O       4.2170000000      4.2170000000      6.3255000000
