 10.8620000000  0.0000000000  0.0000000000
 0.0000000000  10.8620000000  0.0000000000
 0.0000000000  0.0000000000  5.4310000000

Cart

Si       0.0000000000      0.0000000000      0.0000000000
Si       0.0000000000      2.7155000000      2.7155000000
Si       2.7155000000      0.0000000000      2.7155000000
Si       2.7155000000      2.7155000000      0.0000000000
Si       1.3577500000      1.3577500000      1.3577500000
Si       1.3577500000      4.0732500000      4.0732500000
Si       4.0732500000      1.3577500000      4.0732500000
Si       4.0732500000      4.0732500000      1.3577500000
Si       0.0000000000      5.4310000000      0.0000000000
Si       0.0000000000      8.1465000000      2.7155000000
Si       2.7155000000      5.4310000000      2.7155000000
Si       2.7155000000      8.1465000000      0.0000000000
Si       1.3577500000      6.7887500000      1.3577500000
Si       1.3577500000      9.5042500000      4.0732500000
Si       4.0732500000      6.7887500000      4.0732500000
Si       4.0732500000      9.5042500000      1.3577500000
Si       5.4310000000      0.0000000000      0.0000000000
Si       5.4310000000      2.7155000000      2.7155000000
Si       8.1465000000      0.0000000000      2.7155000000
Si       8.1465000000      2.7155000000      0.0000000000
Si       6.7887500000      1.3577500000      1.3577500000
Si       6.7887500000      4.0732500000      4.0732500000
Si       9.5042500000      1.3577500000      4.0732500000
Si       9.5042500000      4.0732500000      1.3577500000
Si       5.4310000000      5.4310000000      0.0000000000
Si       5.4310000000      8.1465000000      2.7155000000
Si       8.1465000000      5.4310000000      2.7155000000
Si       8.1465000000      8.1465000000      0.0000000000
Si       6.7887500000      6.7887500000      1.3577500000
Si       6.7887500000      9.5042500000      4.0732500000
Si       9.5042500000      6.7887500000      4.0732500000
Si       9.5042500000      9.5042500000      1.3577500000
