          11.30608016       0.00000000       0.00000000
           0.00000000      11.30608016       0.00000000
           0.00000000       0.00000000      24.69534471

Cart

Pt          0.01209751      11.30189661       2.89009624
Pt          0.01218677      11.30175319       6.90023697
Pt          0.01201536      11.30202640      10.85625119
Pt          1.42535745       1.40907674       0.89125502
Pt          1.42589401       1.40855068       4.88585038
Pt          1.42514585       1.40919370       8.89558341
Pt          2.83861747      11.30189661       2.89009624
Pt          2.83870438      11.30175298       6.90021936
Pt          2.83852670      11.30202659      10.85627111
Pt          4.25187749       1.40907674       0.89125502
Pt          4.25240333       1.40855036       4.88582755
Pt          4.25166938       1.40919328       8.89557265
Pt          5.66513784      11.30189661       2.89009624
Pt          5.66522372      11.30175333       6.90021020
Pt          5.66505976      11.30202630      10.85628681
Pt          7.07839786       1.40907674       0.89125502
Pt          7.07889958       1.40855058       4.88583595
Pt          7.07820562       1.40919352       8.89557477
Pt          8.49165788      11.30189661       2.89009624
Pt          8.49174756      11.30175347       6.90022783
Pt          8.49158938      11.30202614      10.85626694
Pt          9.90491790       1.40907674       0.89125502
Pt          9.90543028       1.40855090       4.88585810
Pt          9.90472266       1.40919383       8.89558540
Pt          0.01209751       2.82233683       2.89009624
Pt          0.01218631       2.82219132       6.90024562
Pt          0.01201558       2.82246124      10.85623812
Pt          1.42535745       4.23559685       0.89125502
Pt          1.42589360       4.23508033       4.88585412
Pt          1.42514545       4.23570419       8.89558580
Pt          2.83861747       2.82233683       2.89009624
Pt          2.83870415       2.82219084       6.90022771
Pt          2.83852653       2.82246118      10.85625857
Pt          4.25187749       4.23559685       0.89125502
Pt          4.25240330       4.23508033       4.88583177
Pt          4.25166932       4.23570413       8.89557485
Pt          5.66513784       2.82233683       2.89009624
Pt          5.66522429       2.82219092       6.90021835
Pt          5.66505957       2.82246105      10.85627324
Pt          7.07839786       4.23559685       0.89125502
Pt          7.07889991       4.23508037       4.88584048
Pt          7.07820602       4.23570427       8.89557619
Pt          8.49165788       2.82233683       2.89009624
Pt          8.49174763       2.82219135       6.90023610
Pt          8.49158952       2.82246109      10.85625361
Pt          9.90491790       4.23559685       0.89125502
Pt          9.90543039       4.23508043       4.88586217
Pt          9.90472275       4.23570442       8.89558696
Pt          0.01209751       5.64885687       2.89009624
Pt          0.01218613       5.64870977       6.90024107
Pt          0.01201543       5.64897310      10.85624688
Pt          1.42535745       7.06211655       0.89125502
Pt          1.42589374       7.06160530       4.88584383
Pt          1.42514570       7.06222200       8.89557897
Pt          2.83861747       5.64885687       2.89009624
Pt          2.83870406       5.64870993       6.90022311
Pt          2.83852650       5.64897285      10.85626705
Pt          4.25187749       7.06211655       0.89125502
Pt          4.25240333       7.06160560       4.88582072
Pt          4.25166927       7.06222239       8.89556866
Pt          5.66513784       5.64885687       2.89009624
Pt          5.66522426       5.64870972       6.90021377
Pt          5.66505971       5.64897309      10.85628252
Pt          7.07839786       7.06211655       0.89125502
Pt          7.07889982       7.06160538       4.88582856
Pt          7.07820584       7.06222200       8.89557089
Pt          8.49165788       5.64885687       2.89009624
Pt          8.49174793       5.64870958       6.90023179
Pt          8.49158954       5.64897334      10.85626247
Pt          9.90491790       7.06211655       0.89125502
Pt          9.90543026       7.06160514       4.88585111
Pt          9.90472270       7.06222167       8.89558092
Pt          0.01209751       8.47537657       2.89009624
Pt          0.01218657       8.47523206       6.90023230
Pt          0.01201520       8.47549800      10.85625960
Pt          1.42535745       9.88863659       0.89125502
Pt          1.42589415       9.88811540       4.88584014
Pt          1.42514615       9.88875142       8.89557629
Pt          2.83861747       8.47537657       2.89009624
Pt          2.83870425       8.47523259       6.90021465
Pt          2.83852661       8.47549810      10.85628009
Pt          4.25187749       9.88863659       0.89125502
Pt          4.25240329       9.88811560       4.88581653
Pt          4.25166930       9.88875143       8.89556627
Pt          5.66513784       8.47537657       2.89009624
Pt          5.66522369       8.47523239       6.90020563
Pt          5.66505994       8.47549822      10.85629587
Pt          7.07839786       9.88863659       0.89125502
Pt          7.07889950       9.88811543       4.88582397
Pt          7.07820547       9.88875150       8.89556936
Pt          8.49165788       8.47537657       2.89009624
Pt          8.49174790       8.47523197       6.90022318
Pt          8.49158953       8.47549818      10.85627614
Pt          9.90491790       9.88863659       0.89125502
Pt          9.90543017       9.88811524       4.88584703
Pt          9.90472261       9.88875136       8.89557916

