 21.7240000000  0.0000000000  0.0000000000
 0.0000000000  21.7240000000  0.0000000000
 0.0000000000  0.0000000000  10.8620000000

Cart

Si       0.0000000000      0.0000000000      0.0000000000
Si       0.0000000000      2.7155000000      2.7155000000
Si       2.7155000000      0.0000000000      2.7155000000
Si       2.7155000000      2.7155000000      0.0000000000
Si       1.3577500000      1.3577500000      1.3577500000
Si       1.3577500000      4.0732500000      4.0732500000
Si       4.0732500000      1.3577500000      4.0732500000
Si       4.0732500000      4.0732500000      1.3577500000
Si       0.0000000000      0.0000000000      5.4310000000
Si       0.0000000000      2.7155000000      8.1465000000
Si       2.7155000000      0.0000000000      8.1465000000
Si       2.7155000000      2.7155000000      5.4310000000
Si       1.3577500000      1.3577500000      6.7887500000
Si       1.3577500000      4.0732500000      9.5042500000
Si       4.0732500000      1.3577500000      9.5042500000
Si       4.0732500000      4.0732500000      6.7887500000
Si       0.0000000000      5.4310000000      0.0000000000
Si       0.0000000000      8.1465000000      2.7155000000
Si       2.7155000000      5.4310000000      2.7155000000
Si       2.7155000000      8.1465000000      0.0000000000
Si       1.3577500000      6.7887500000      1.3577500000
Si       1.3577500000      9.5042500000      4.0732500000
Si       4.0732500000      6.7887500000      4.0732500000
Si       4.0732500000      9.5042500000      1.3577500000
Si       0.0000000000      5.4310000000      5.4310000000
Si       0.0000000000      8.1465000000      8.1465000000
Si       2.7155000000      5.4310000000      8.1465000000
Si       2.7155000000      8.1465000000      5.4310000000
Si       1.3577500000      6.7887500000      6.7887500000
Si       1.3577500000      9.5042500000      9.5042500000
Si       4.0732500000      6.7887500000      9.5042500000
Si       4.0732500000      9.5042500000      6.7887500000
Si       0.0000000000     10.8620000000      0.0000000000
Si       0.0000000000     13.5775000000      2.7155000000
Si       2.7155000000     10.8620000000      2.7155000000
Si       2.7155000000     13.5775000000      0.0000000000
Si       1.3577500000     12.2197500000      1.3577500000
Si       1.3577500000     14.9352500000      4.0732500000
Si       4.0732500000     12.2197500000      4.0732500000
Si       4.0732500000     14.9352500000      1.3577500000
Si       0.0000000000     10.8620000000      5.4310000000
Si       0.0000000000     13.5775000000      8.1465000000
Si       2.7155000000     10.8620000000      8.1465000000
Si       2.7155000000     13.5775000000      5.4310000000
Si       1.3577500000     12.2197500000      6.7887500000
Si       1.3577500000     14.9352500000      9.5042500000
Si       4.0732500000     12.2197500000      9.5042500000
Si       4.0732500000     14.9352500000      6.7887500000
Si       0.0000000000     16.2930000000      0.0000000000
Si       0.0000000000     19.0085000000      2.7155000000
Si       2.7155000000     16.2930000000      2.7155000000
Si       2.7155000000     19.0085000000      0.0000000000
Si       1.3577500000     17.6507500000      1.3577500000
Si       1.3577500000     20.3662500000      4.0732500000
Si       4.0732500000     17.6507500000      4.0732500000
Si       4.0732500000     20.3662500000      1.3577500000
Si       0.0000000000     16.2930000000      5.4310000000
Si       0.0000000000     19.0085000000      8.1465000000
Si       2.7155000000     16.2930000000      8.1465000000
Si       2.7155000000     19.0085000000      5.4310000000
Si       1.3577500000     17.6507500000      6.7887500000
Si       1.3577500000     20.3662500000      9.5042500000
Si       4.0732500000     17.6507500000      9.5042500000
Si       4.0732500000     20.3662500000      6.7887500000
Si       5.4310000000      0.0000000000      0.0000000000
Si       5.4310000000      2.7155000000      2.7155000000
Si       8.1465000000      0.0000000000      2.7155000000
Si       8.1465000000      2.7155000000      0.0000000000
Si       6.7887500000      1.3577500000      1.3577500000
Si       6.7887500000      4.0732500000      4.0732500000
Si       9.5042500000      1.3577500000      4.0732500000
Si       9.5042500000      4.0732500000      1.3577500000
Si       5.4310000000      0.0000000000      5.4310000000
Si       5.4310000000      2.7155000000      8.1465000000
Si       8.1465000000      0.0000000000      8.1465000000
Si       8.1465000000      2.7155000000      5.4310000000
Si       6.7887500000      1.3577500000      6.7887500000
Si       6.7887500000      4.0732500000      9.5042500000
Si       9.5042500000      1.3577500000      9.5042500000
Si       9.5042500000      4.0732500000      6.7887500000
Si       5.4310000000      5.4310000000      0.0000000000
Si       5.4310000000      8.1465000000      2.7155000000
Si       8.1465000000      5.4310000000      2.7155000000
Si       8.1465000000      8.1465000000      0.0000000000
Si       6.7887500000      6.7887500000      1.3577500000
Si       6.7887500000      9.5042500000      4.0732500000
Si       9.5042500000      6.7887500000      4.0732500000
Si       9.5042500000      9.5042500000      1.3577500000
Si       5.4310000000      5.4310000000      5.4310000000
Si       5.4310000000      8.1465000000      8.1465000000
Si       8.1465000000      5.4310000000      8.1465000000
Si       8.1465000000      8.1465000000      5.4310000000
Si       6.7887500000      6.7887500000      6.7887500000
Si       6.7887500000      9.5042500000      9.5042500000
Si       9.5042500000      6.7887500000      9.5042500000
Si       9.5042500000      9.5042500000      6.7887500000
Si       5.4310000000     10.8620000000      0.0000000000
Si       5.4310000000     13.5775000000      2.7155000000
Si       8.1465000000     10.8620000000      2.7155000000
Si       8.1465000000     13.5775000000      0.0000000000
Si       6.7887500000     12.2197500000      1.3577500000
Si       6.7887500000     14.9352500000      4.0732500000
Si       9.5042500000     12.2197500000      4.0732500000
Si       9.5042500000     14.9352500000      1.3577500000
Si       5.4310000000     10.8620000000      5.4310000000
Si       5.4310000000     13.5775000000      8.1465000000
Si       8.1465000000     10.8620000000      8.1465000000
Si       8.1465000000     13.5775000000      5.4310000000
Si       6.7887500000     12.2197500000      6.7887500000
Si       6.7887500000     14.9352500000      9.5042500000
Si       9.5042500000     12.2197500000      9.5042500000
Si       9.5042500000     14.9352500000      6.7887500000
Si       5.4310000000     16.2930000000      0.0000000000
Si       5.4310000000     19.0085000000      2.7155000000
Si       8.1465000000     16.2930000000      2.7155000000
Si       8.1465000000     19.0085000000      0.0000000000
Si       6.7887500000     17.6507500000      1.3577500000
Si       6.7887500000     20.3662500000      4.0732500000
Si       9.5042500000     17.6507500000      4.0732500000
Si       9.5042500000     20.3662500000      1.3577500000
Si       5.4310000000     16.2930000000      5.4310000000
Si       5.4310000000     19.0085000000      8.1465000000
Si       8.1465000000     16.2930000000      8.1465000000
Si       8.1465000000     19.0085000000      5.4310000000
Si       6.7887500000     17.6507500000      6.7887500000
Si       6.7887500000     20.3662500000      9.5042500000
Si       9.5042500000     17.6507500000      9.5042500000
Si       9.5042500000     20.3662500000      6.7887500000
Si      10.8620000000      0.0000000000      0.0000000000
Si      10.8620000000      2.7155000000      2.7155000000
Si      13.5775000000      0.0000000000      2.7155000000
Si      13.5775000000      2.7155000000      0.0000000000
Si      12.2197500000      1.3577500000      1.3577500000
Si      12.2197500000      4.0732500000      4.0732500000
Si      14.9352500000      1.3577500000      4.0732500000
Si      14.9352500000      4.0732500000      1.3577500000
Si      10.8620000000      0.0000000000      5.4310000000
Si      10.8620000000      2.7155000000      8.1465000000
Si      13.5775000000      0.0000000000      8.1465000000
Si      13.5775000000      2.7155000000      5.4310000000
Si      12.2197500000      1.3577500000      6.7887500000
Si      12.2197500000      4.0732500000      9.5042500000
Si      14.9352500000      1.3577500000      9.5042500000
Si      14.9352500000      4.0732500000      6.7887500000
Si      10.8620000000      5.4310000000      0.0000000000
Si      10.8620000000      8.1465000000      2.7155000000
Si      13.5775000000      5.4310000000      2.7155000000
Si      13.5775000000      8.1465000000      0.0000000000
Si      12.2197500000      6.7887500000      1.3577500000
Si      12.2197500000      9.5042500000      4.0732500000
Si      14.9352500000      6.7887500000      4.0732500000
Si      14.9352500000      9.5042500000      1.3577500000
Si      10.8620000000      5.4310000000      5.4310000000
Si      10.8620000000      8.1465000000      8.1465000000
Si      13.5775000000      5.4310000000      8.1465000000
Si      13.5775000000      8.1465000000      5.4310000000
Si      12.2197500000      6.7887500000      6.7887500000
Si      12.2197500000      9.5042500000      9.5042500000
Si      14.9352500000      6.7887500000      9.5042500000
Si      14.9352500000      9.5042500000      6.7887500000
Si      10.8620000000     10.8620000000      0.0000000000
Si      10.8620000000     13.5775000000      2.7155000000
Si      13.5775000000     10.8620000000      2.7155000000
Si      13.5775000000     13.5775000000      0.0000000000
Si      12.2197500000     12.2197500000      1.3577500000
Si      12.2197500000     14.9352500000      4.0732500000
Si      14.9352500000     12.2197500000      4.0732500000
Si      14.9352500000     14.9352500000      1.3577500000
Si      10.8620000000     10.8620000000      5.4310000000
Si      10.8620000000     13.5775000000      8.1465000000
Si      13.5775000000     10.8620000000      8.1465000000
Si      13.5775000000     13.5775000000      5.4310000000
Si      12.2197500000     12.2197500000      6.7887500000
Si      12.2197500000     14.9352500000      9.5042500000
Si      14.9352500000     12.2197500000      9.5042500000
Si      14.9352500000     14.9352500000      6.7887500000
Si      10.8620000000     16.2930000000      0.0000000000
Si      10.8620000000     19.0085000000      2.7155000000
Si      13.5775000000     16.2930000000      2.7155000000
Si      13.5775000000     19.0085000000      0.0000000000
Si      12.2197500000     17.6507500000      1.3577500000
Si      12.2197500000     20.3662500000      4.0732500000
Si      14.9352500000     17.6507500000      4.0732500000
Si      14.9352500000     20.3662500000      1.3577500000
Si      10.8620000000     16.2930000000      5.4310000000
Si      10.8620000000     19.0085000000      8.1465000000
Si      13.5775000000     16.2930000000      8.1465000000
Si      13.5775000000     19.0085000000      5.4310000000
Si      12.2197500000     17.6507500000      6.7887500000
Si      12.2197500000     20.3662500000      9.5042500000
Si      14.9352500000     17.6507500000      9.5042500000
Si      14.9352500000     20.3662500000      6.7887500000
Si      16.2930000000      0.0000000000      0.0000000000
Si      16.2930000000      2.7155000000      2.7155000000
Si      19.0085000000      0.0000000000      2.7155000000
Si      19.0085000000      2.7155000000      0.0000000000
Si      17.6507500000      1.3577500000      1.3577500000
Si      17.6507500000      4.0732500000      4.0732500000
Si      20.3662500000      1.3577500000      4.0732500000
Si      20.3662500000      4.0732500000      1.3577500000
Si      16.2930000000      0.0000000000      5.4310000000
Si      16.2930000000      2.7155000000      8.1465000000
Si      19.0085000000      0.0000000000      8.1465000000
Si      19.0085000000      2.7155000000      5.4310000000
Si      17.6507500000      1.3577500000      6.7887500000
Si      17.6507500000      4.0732500000      9.5042500000
Si      20.3662500000      1.3577500000      9.5042500000
Si      20.3662500000      4.0732500000      6.7887500000
Si      16.2930000000      5.4310000000      0.0000000000
Si      16.2930000000      8.1465000000      2.7155000000
Si      19.0085000000      5.4310000000      2.7155000000
Si      19.0085000000      8.1465000000      0.0000000000
Si      17.6507500000      6.7887500000      1.3577500000
Si      17.6507500000      9.5042500000      4.0732500000
Si      20.3662500000      6.7887500000      4.0732500000
Si      20.3662500000      9.5042500000      1.3577500000
Si      16.2930000000      5.4310000000      5.4310000000
Si      16.2930000000      8.1465000000      8.1465000000
Si      19.0085000000      5.4310000000      8.1465000000
Si      19.0085000000      8.1465000000      5.4310000000
Si      17.6507500000      6.7887500000      6.7887500000
Si      17.6507500000      9.5042500000      9.5042500000
Si      20.3662500000      6.7887500000      9.5042500000
Si      20.3662500000      9.5042500000      6.7887500000
Si      16.2930000000     10.8620000000      0.0000000000
Si      16.2930000000     13.5775000000      2.7155000000
Si      19.0085000000     10.8620000000      2.7155000000
Si      19.0085000000     13.5775000000      0.0000000000
Si      17.6507500000     12.2197500000      1.3577500000
Si      17.6507500000     14.9352500000      4.0732500000
Si      20.3662500000     12.2197500000      4.0732500000
Si      20.3662500000     14.9352500000      1.3577500000
Si      16.2930000000     10.8620000000      5.4310000000
Si      16.2930000000     13.5775000000      8.1465000000
Si      19.0085000000     10.8620000000      8.1465000000
Si      19.0085000000     13.5775000000      5.4310000000
Si      17.6507500000     12.2197500000      6.7887500000
Si      17.6507500000     14.9352500000      9.5042500000
Si      20.3662500000     12.2197500000      9.5042500000
Si      20.3662500000     14.9352500000      6.7887500000
Si      16.2930000000     16.2930000000      0.0000000000
Si      16.2930000000     19.0085000000      2.7155000000
Si      19.0085000000     16.2930000000      2.7155000000
Si      19.0085000000     19.0085000000      0.0000000000
Si      17.6507500000     17.6507500000      1.3577500000
Si      17.6507500000     20.3662500000      4.0732500000
Si      20.3662500000     17.6507500000      4.0732500000
Si      20.3662500000     20.3662500000      1.3577500000
Si      16.2930000000     16.2930000000      5.4310000000
Si      16.2930000000     19.0085000000      8.1465000000
Si      19.0085000000     16.2930000000      8.1465000000
Si      19.0085000000     19.0085000000      5.4310000000
Si      17.6507500000     17.6507500000      6.7887500000
Si      17.6507500000     20.3662500000      9.5042500000
Si      20.3662500000     17.6507500000      9.5042500000
Si      20.3662500000     20.3662500000      6.7887500000
