    9.1340000000      0.0000000000      0.0000000000
    0.0000000000      9.1340000000      0.0000000000
    0.0000000000      0.0000000000      9.1340000000

Cart

Cs      0.0000000000      0.0000000000      0.0000000000
I       2.3835000000      2.3335000000      2.3135000000
Cs      0.0000000000      0.0000000000      4.5670000000
I       2.2835000000      2.2835000000      6.8505000000
Cs      0.0000000000      4.5670000000      0.0000000000
I       2.2835000000      6.8505000000      2.2835000000
Cs      0.0000000000      4.5670000000      4.5670000000
I       2.2835000000      6.8505000000      6.8505000000
Cs      4.5670000000      0.0000000000      0.0000000000
I       6.8505000000      2.2835000000      2.2835000000
Cs      4.5670000000      0.0000000000      4.5670000000
I       6.8505000000      2.2835000000      6.8505000000
Cs      4.5670000000      4.5670000000      0.0000000000
I       6.8505000000      6.8505000000      2.2835000000
Cs      4.5670000000      4.5670000000      4.5670000000
I       6.8505000000      6.8505000000      6.8505000000
