 5.4310000000  0.0000000000  0.0000000000
 0.0000000000  5.4310000000  0.0000000000
 0.0000000000  0.0000000000  10.8620000000

Cart

Si       0.0000000000      0.0000000000      0.0000000000
Si   0.1000000000   2.7655000000   2.7455000000
Si       2.7155000000      0.0000000000      2.7155000000
Si       2.7155000000      2.7155000000      0.0000000000
Si       1.3577500000      1.3577500000      1.3577500000
Si       1.3577500000      4.0732500000      4.0732500000
Si       4.0732500000      1.3577500000      4.0732500000
Si       4.0732500000      4.0732500000      1.3577500000
Si       0.0000000000      0.0000000000      5.4310000000
Si       0.0000000000      2.7155000000      8.1465000000
Si       2.7155000000      0.0000000000      8.1465000000
Si       2.7155000000      2.7155000000      5.4310000000
Si       1.3577500000      1.3577500000      6.7887500000
Si       1.3577500000      4.0732500000      9.5042500000
Si       4.0732500000      1.3577500000      9.5042500000
Si       4.0732500000      4.0732500000      6.7887500000
